0.0,
9.43e-05,
0.000154,
0.0001559,
9.77e-05,
-0.0,
-0.0001011,
-0.000167,
-0.0001707,
-0.00010806,
0.0,
0.0001139,
0.0001898,
0.0001955,
0.0001247,
0.0,
-0.0001333,
-0.0002232,
-0.0002313,
-0.0001482,
0.0,
0.0001596,
0.0002682,
0.0002787,
0.0001792,
-0.0,
-0.0001937,
-0.000326,
-0.000339,
-0.000218,
-0.0,
0.0002359,
0.0003972,
0.0004132,
0.0002656,
0.0,
-0.000287,
-0.000483,
-0.000502,
-0.0003223,
0.0,
0.0003479,
0.0005846,
0.000607,
0.0003893,
-0.0,
-0.0004191,
-0.0007033,
-0.000729,
-0.000467,
0.0,
0.0005016,
0.00084,
0.00087,
0.0005565,
0.0,
-0.000596,
-0.000998,
-0.001032,
-0.000659,
0.0,
0.000704,
0.001177,
0.001216,
0.000776,
-0.0,
-0.000827,
-0.00138,
-0.001424,
-0.000908,
0.0,
0.0009656,
0.001611,
0.00166,
0.001058,
0.0,
-0.001122,
-0.001872,
-0.001928,
-0.001227,
0.0,
0.001301,
0.002167,
0.00223,
0.001419,
-0.0,
-0.001503,
-0.002502,
-0.002575,
-0.0016365,
0.0,
0.001733,
0.002884,
0.002966,
0.001885,
0.0,
-0.001995,
-0.00332,
-0.003416,
-0.002172,
0.0,
0.002298,
0.003826,
0.003937,
0.002502,
-0.0,
-0.002651,
-0.004414,
-0.004543,
-0.002892,
0.0,
0.003067,
0.00511,
0.00527,
0.003357,
-0.0,
-0.003569,
-0.005955,
-0.006145,
-0.00392,
0.0,
0.004185,
0.006996,
0.007236,
0.004627,
-0.0,
-0.004963,
-0.00832,
-0.00864,
-0.00554,
0.0,
0.005985,
0.010086,
0.010506,
0.00678,
-0.0,
-0.00741,
-0.01256,
-0.01318,
-0.00857,
0.0,
0.00954,
0.01634,
0.01736,
0.01144,
-0.0,
-0.01314,
-0.02295,
-0.02492,
-0.01683,
0.0,
0.02065,
0.03766,
0.0431,
0.0311,
-0.0,
-0.04672,
-0.1009,
-0.1514,
-0.1871,
0.8,
-0.1871,
-0.1514,
-0.1009,
-0.04672,
-0.0,
0.0311,
0.0431,
0.03766,
0.02065,
0.0,
-0.01683,
-0.02492,
-0.02295,
-0.01314,
-0.0,
0.01144,
0.01736,
0.01634,
0.00954,
0.0,
-0.00857,
-0.01318,
-0.01256,
-0.00741,
-0.0,
0.00678,
0.010506,
0.010086,
0.005985,
0.0,
-0.00554,
-0.00864,
-0.00832,
-0.004963,
-0.0,
0.004627,
0.007236,
0.006996,
0.004185,
0.0,
-0.00392,
-0.006145,
-0.005955,
-0.003569,
-0.0,
0.003357,
0.00527,
0.00511,
0.003067,
0.0,
-0.002892,
-0.004543,
-0.004414,
-0.002651,
-0.0,
0.002502,
0.003937,
0.003826,
0.002298,
0.0,
-0.002172,
-0.003416,
-0.00332,
-0.001995,
0.0,
0.001885,
0.002966,
0.002884,
0.001733,
0.0,
-0.0016365,
-0.002575,
-0.002502,
-0.001503,
-0.0,
0.001419,
0.00223,
0.002167,
0.001301,
0.0,
-0.001227,
-0.001928,
-0.001872,
-0.001122,
0.0,
0.001058,
0.00166,
0.001611,
0.0009656,
0.0,
-0.000908,
-0.001424,
-0.00138,
-0.000827,
-0.0,
0.000776,
0.001216,
0.001177,
0.000704,
0.0,
-0.000659,
-0.001032,
-0.000998,
-0.000596,
0.0,
0.0005565,
0.00087,
0.00084,
0.0005016,
0.0,
-0.000467,
-0.000729,
-0.0007033,
-0.0004191,
-0.0,
0.0003893,
0.000607,
0.0005846,
0.0003479,
0.0,
-0.0003223,
-0.000502,
-0.000483,
-0.000287,
0.0,
0.0002656,
0.0004132,
0.0003972,
0.0002359,
-0.0,
-0.000218,
-0.000339,
-0.000326,
-0.0001937,
-0.0,
0.0001792,
0.0002787,
0.0002682,
0.0001596,
0.0,
-0.0001482,
-0.0002313,
-0.0002232,
-0.0001333,
0.0,
0.0001247,
0.0001955,
0.0001898,
0.0001139,
0.0,
-0.00010806,
-0.0001707,
-0.000167,
-0.0001011,
-0.0,
9.77e-05,
0.0001559,
0.000154,
9.43e-05,
