-0.0,
-0.0,
-6e-08,
2e-07,
1.13e-06,
1.1e-06,
-0.0,
2.44e-06,
6.44e-06,
2.74e-06,
-4.1e-06,
0.0,
6.3e-06,
-6.44e-06,
-2.35e-05,
-1.45e-05,
0.0,
-1.93e-05,
-4.196e-05,
-1.544e-05,
2.05e-05,
-0.0,
-2.563e-05,
2.426e-05,
8.26e-05,
4.79e-05,
-0.0,
5.77e-05,
0.00012004,
4.25e-05,
-5.436e-05,
0.0,
6.39e-05,
-5.877e-05,
-0.0001953,
-0.00011057,
0.0,
-0.0001277,
-0.0002606,
-9.066e-05,
0.000114,
-0.0,
-0.0001299,
0.00011784,
0.0003862,
0.000216,
-0.0,
0.0002437,
0.0004916,
0.0001694,
-0.0002109,
0.0,
0.0002359,
-0.0002121,
-0.0006895,
-0.0003824,
0.0,
-0.0004249,
-0.000851,
-0.000291,
0.00036,
-0.0,
-0.0003977,
0.0003552,
0.001148,
0.0006332,
-0.0,
0.0006957,
0.001387,
0.0004718,
-0.000581,
0.0,
0.000635,
-0.000565,
-0.001817,
-0.000998,
0.0,
-0.001087,
-0.00216,
-0.0007315,
0.000897,
-0.0,
-0.000974,
0.000863,
0.002768,
0.001514,
-0.0,
0.00164,
0.003246,
0.001097,
-0.001341,
0.0,
0.001449,
-0.001281,
-0.004093,
-0.002235,
0.0,
-0.00241,
-0.00476,
-0.001606,
0.001959,
-0.0,
-0.00211,
0.001863,
0.005947,
0.003242,
-6e-08,
0.00349,
0.006886,
0.002321,
-0.002829,
0.0,
0.003044,
-0.002686,
-0.008575,
-0.004677,
6e-08,
-0.00504,
-0.00995,
-0.003355,
0.004097,
-0.0,
-0.004417,
0.003906,
0.0125,
0.006836,
-6e-08,
0.0074,
0.01466,
0.004967,
-0.00609,
0.0,
0.006634,
-0.005898,
-0.019,
-0.01046,
1e-07,
-0.01151,
-0.02303,
-0.00787,
0.009766,
-0.0,
-0.01093,
0.00987,
0.03235,
0.01817,
-2e-07,
0.02097,
0.04312,
0.01524,
-0.01962,
0.0,
0.02412,
-0.02315,
-0.0816,
-0.05017,
5.4e-07,
-0.0755,
-0.1917,
-0.0935,
0.22,
0.4,
0.22,
-0.0935,
-0.1917,
-0.0755,
5.4e-07,
-0.05017,
-0.0816,
-0.02315,
0.02412,
-0.0,
-0.01962,
0.01524,
0.04312,
0.02097,
-2e-07,
0.01817,
0.03235,
0.00987,
-0.01093,
0.0,
0.009766,
-0.00787,
-0.02303,
-0.01151,
1e-07,
-0.01046,
-0.019,
-0.005898,
0.006634,
-0.0,
-0.00609,
0.004967,
0.01466,
0.0074,
-6e-08,
0.006836,
0.0125,
0.003906,
-0.004417,
0.0,
0.004097,
-0.003355,
-0.00995,
-0.00504,
6e-08,
-0.004677,
-0.008575,
-0.002686,
0.003044,
-0.0,
-0.002829,
0.002321,
0.006886,
0.00349,
-6e-08,
0.003242,
0.005947,
0.001863,
-0.00211,
-0.0,
0.001959,
-0.001606,
-0.00476,
-0.00241,
0.0,
-0.002235,
-0.004093,
-0.001281,
0.001449,
0.0,
-0.001341,
0.001097,
0.003246,
0.00164,
-0.0,
0.001514,
0.002768,
0.000863,
-0.000974,
-0.0,
0.000897,
-0.0007315,
-0.00216,
-0.001087,
0.0,
-0.000998,
-0.001817,
-0.000565,
0.000635,
0.0,
-0.000581,
0.0004718,
0.001387,
0.0006957,
-0.0,
0.0006332,
0.001148,
0.0003552,
-0.0003977,
-0.0,
0.00036,
-0.000291,
-0.000851,
-0.0004249,
0.0,
-0.0003824,
-0.0006895,
-0.0002121,
0.0002359,
0.0,
-0.0002109,
0.0001694,
0.0004916,
0.0002437,
-0.0,
0.000216,
0.0003862,
0.00011784,
-0.0001299,
-0.0,
0.000114,
-9.066e-05,
-0.0002606,
-0.0001277,
0.0,
-0.00011057,
-0.0001953,
-5.877e-05,
6.39e-05,
0.0,
-5.436e-05,
4.25e-05,
0.00012004,
5.77e-05,
-0.0,
4.79e-05,
8.26e-05,
2.426e-05,
-2.563e-05,
-0.0,
2.05e-05,
-1.544e-05,
-4.196e-05,
-1.93e-05,
0.0,
-1.45e-05,
-2.35e-05,
-6.44e-06,
6.3e-06,
0.0,
-4.1e-06,
2.74e-06,
6.44e-06,
2.44e-06,
-0.0,
1.1e-06,
1.13e-06,
2e-07,
