0,
3,
5,
5,
3,
0,
-3,
-5,
-5,
-3,
0,
3,
6,
6,
4,
0,
-4,
-7,
-7,
-4,
0,
5,
8,
9,
5,
0,
-6,
-10,
-11,
-7,
0,
7,
13,
13,
8,
0,
-9,
-15,
-16,
-10,
0,
11,
19,
19,
12,
0,
-13,
-23,
-23,
-15,
0,
16,
27,
28,
18,
0,
-19,
-32,
-33,
-21,
0,
23,
38,
39,
25,
0,
-27,
-45,
-46,
-29,
0,
31,
52,
54,
34,
0,
-36,
-61,
-63,
-40,
0,
42,
71,
73,
46,
0,
-49,
-81,
-84,
-53,
0,
56,
94,
97,
61,
0,
-65,
-108,
-111,
-71,
0,
75,
125,
129,
81,
0,
-86,
-144,
-148,
-94,
0,
100,
167,
172,
110,
0,
-116,
-195,
-201,
-128,
0,
137,
229,
237,
151,
0,
-162,
-272,
-283,
-181,
0,
196,
330,
344,
222,
0,
-242,
-411,
-431,
-280,
0,
312,
535,
568,
374,
0,
-430,
-752,
-816,
-551,
0,
676,
1234,
1412,
1019,
0,
-1530,
-3306,
-4961,
-6130,
26214,
-6130,
-4961,
-3306,
-1530,
0,
1019,
1412,
1234,
676,
0,
-551,
-816,
-752,
-430,
0,
374,
568,
535,
312,
0,
-280,
-431,
-411,
-242,
0,
222,
344,
330,
196,
0,
-181,
-283,
-272,
-162,
0,
151,
237,
229,
137,
0,
-128,
-201,
-195,
-116,
0,
110,
172,
167,
100,
0,
-94,
-148,
-144,
-86,
0,
81,
129,
125,
75,
0,
-71,
-111,
-108,
-65,
0,
61,
97,
94,
56,
0,
-53,
-84,
-81,
-49,
0,
46,
73,
71,
42,
0,
-40,
-63,
-61,
-36,
0,
34,
54,
52,
31,
0,
-29,
-46,
-45,
-27,
0,
25,
39,
38,
23,
0,
-21,
-33,
-32,
-19,
0,
18,
28,
27,
16,
0,
-15,
-23,
-23,
-13,
0,
12,
19,
19,
11,
0,
-10,
-16,
-15,
-9,
0,
8,
13,
13,
7,
0,
-7,
-11,
-10,
-6,
0,
5,
9,
8,
5,
0,
-4,
-7,
-7,
-4,
0,
4,
6,
6,
3,
0,
-3,
-5,
-5,
-3,
0,
3,
5,
5,
3,
