0,
-4,
-8,
-8,
-5,
0,
5,
9,
10,
6,
0,
-7,
-12,
-13,
-8,
0,
10,
17,
18,
12,
0,
-13,
-23,
-25,
-16,
0,
18,
32,
34,
22,
0,
-25,
-42,
-45,
-29,
0,
32,
56,
59,
38,
0,
-42,
-72,
-76,
-49,
0,
54,
93,
97,
63,
0,
-69,
-117,
-123,
-79,
0,
87,
147,
154,
100,
0,
-109,
-185,
-193,
-125,
0,
137,
232,
243,
157,
0,
-173,
-295,
-310,
-201,
0,
223,
382,
403,
264,
0,
-297,
-512,
-546,
-361,
0,
419,
734,
800,
542,
0,
-669,
-1222,
-1403,
-1014,
0,
1527,
3302,
4961,
6137,
6560,
6137,
4961,
3302,
1527,
0,
-1014,
-1403,
-1222,
-669,
0,
542,
800,
734,
419,
0,
-361,
-546,
-512,
-297,
0,
264,
403,
382,
223,
0,
-201,
-310,
-295,
-173,
0,
157,
243,
232,
137,
0,
-125,
-193,
-185,
-109,
0,
100,
154,
147,
87,
0,
-79,
-123,
-117,
-69,
0,
63,
97,
93,
54,
0,
-49,
-76,
-72,
-42,
0,
38,
59,
56,
32,
0,
-29,
-45,
-42,
-25,
0,
22,
34,
32,
18,
0,
-16,
-25,
-23,
-13,
0,
12,
18,
17,
10,
0,
-8,
-13,
-12,
-7,
0,
6,
10,
9,
5,
0,
-5,
-8,
-8,
-4,
