-0.00050931161141091,
-0.00037165707004089746,
8.15008626154301e-19,
0.0004221458607182521,
0.0006536055828143907,
0.00051276606224403,
-3.9809080803209246e-18,
-0.000647931451079988,
-0.0010375626964639932,
-0.0008323196834279876,
1.6358423521865826e-18,
0.0010709704817927956,
0.001714524086577173,
0.0013694255973323711,
-2.405100076396981e-18,
-0.0017339265563192797,
-0.002748032689401824,
-0.0021716937967789698,
3.3539110096896085e-18,
0.0026913228259565483,
0.004221473671187489,
0.003303352536370143,
-4.42265787164317e-18,
-0.004021093353007332,
-0.00625763215018755,
-0.00486185887123698,
5.544187366345116e-18,
0.005848844479593541,
0.0090604713247349,
0.007014081905100706,
-6.648029670946365e-18,
-0.00840325978722086,
-0.013013238375847105,
-0.010083944015773122,
7.664826313800806e-18,
0.01216036760604497,
0.018944914833593507,
0.014801861266196256,
-8.530688222321418e-18,
-0.01830228134290275,
-0.02903546717070578,
-0.02321864850458903,
9.191210108378513e-18,
0.030747413023629943,
0.05133952207193352,
0.04400369415217352,
-9.604888952641549e-18,
-0.07441736270269704,
-0.15858256790253727,
-0.22488174712984493,
0.7499922473755478,
-0.22488174712984493,
-0.15858256790253727,
-0.07441736270269704,
-9.604888952641549e-18,
0.04400369415217352,
0.05133952207193352,
0.030747413023629946,
9.191210108378514e-18,
-0.02321864850458904,
-0.02903546717070578,
-0.018302281342902755,
-8.530688222321418e-18,
0.01480186126619626,
0.018944914833593503,
0.012160367606044971,
7.664826313800803e-18,
-0.01008394401577312,
-0.013013238375847102,
-0.008403259787220865,
-6.648029670946367e-18,
0.007014081905100711,
0.009060471324734897,
0.005848844479593543,
5.544187366345116e-18,
-0.004861858871236981,
-0.006257632150187553,
-0.0040210933530073325,
-4.4226578716431726e-18,
0.003303352536370143,
0.004221473671187491,
0.0026913228259565474,
3.353911009689612e-18,
-0.0021716937967789706,
-0.002748032689401826,
-0.00173392655631928,
-2.4051000763969825e-18,
0.0013694255973323711,
0.0017145240865771745,
0.0010709704817927952,
1.635842352186583e-18,
-0.0008323196834279874,
-0.0010375626964639932,
-0.0006479314510799874,
-3.980908080320931e-18,
0.00051276606224403,
0.000653605582814391,
0.0004221458607182521,
8.150086261543015e-19,
-0.00037165707004089746,
