-0.0,
-0.0001518,
-0.00025,
-0.0002563,
-0.0001631,
0.0,
0.0001756,
0.0002966,
0.0003111,
0.0002022,
-0.0,
-0.0002255,
-0.0003867,
-0.0004103,
-0.0002694,
-0.0,
0.0003052,
0.000526,
0.0005603,
0.0003688,
-0.0,
-0.0004184,
-0.000721,
-0.000767,
-0.0005045,
0.0,
0.00057,
0.000978,
0.001039,
0.0006804,
-0.0,
-0.000764,
-0.0013075,
-0.001383,
-0.000903,
-0.0,
0.001007,
0.0017185,
0.001811,
0.00118,
-0.0,
-0.001307,
-0.002224,
-0.002337,
-0.001517,
0.0,
0.001673,
0.00284,
0.002977,
0.001929,
-0.0,
-0.00212,
-0.003592,
-0.00376,
-0.002432,
0.0,
0.002665,
0.004513,
0.00472,
0.003052,
-0.0,
-0.00334,
-0.005657,
-0.005917,
-0.003828,
0.0,
0.004196,
0.007107,
0.007446,
0.00482,
-0.0,
-0.005306,
-0.00902,
-0.009476,
-0.006157,
0.0,
0.00683,
0.01166,
0.012314,
0.00806,
-0.0,
-0.00907,
-0.01563,
-0.01668,
-0.01104,
0.0,
0.01279,
0.02243,
0.02443,
0.01656,
-0.0,
-0.02043,
-0.03732,
-0.04282,
-0.03096,
0.0,
0.04663,
0.10077,
0.1514,
0.1873,
0.2002,
0.1873,
0.1514,
0.10077,
0.04663,
0.0,
-0.03096,
-0.04282,
-0.03732,
-0.02043,
-0.0,
0.01656,
0.02443,
0.02243,
0.01279,
0.0,
-0.01104,
-0.01668,
-0.01563,
-0.00907,
-0.0,
0.00806,
0.012314,
0.01166,
0.00683,
0.0,
-0.006157,
-0.009476,
-0.00902,
-0.005306,
-0.0,
0.00482,
0.007446,
0.007107,
0.004196,
0.0,
-0.003828,
-0.005917,
-0.005657,
-0.00334,
-0.0,
0.003052,
0.00472,
0.004513,
0.002665,
0.0,
-0.002432,
-0.00376,
-0.003592,
-0.00212,
-0.0,
0.001929,
0.002977,
0.00284,
0.001673,
0.0,
-0.001517,
-0.002337,
-0.002224,
-0.001307,
-0.0,
0.00118,
0.001811,
0.0017185,
0.001007,
-0.0,
-0.000903,
-0.001383,
-0.0013075,
-0.000764,
-0.0,
0.0006804,
0.001039,
0.000978,
0.00057,
0.0,
-0.0005045,
-0.000767,
-0.000721,
-0.0004184,
-0.0,
0.0003688,
0.0005603,
0.000526,
0.0003052,
-0.0,
-0.0002694,
-0.0004103,
-0.0003867,
-0.0002255,
-0.0,
0.0002022,
0.0003111,
0.0002966,
0.0001756,
0.0,
-0.0001631,
-0.0002563,
-0.00025,
-0.0001518,
