9.797174393178829e-19,
0.0005102419550424311,
0.0010240595173113044,
0.0015173004368444411,
0.001952803225987327,
0.0022780889445384307,
0.002427416486873839,
0.002328831726778574,
0.0019158850107371661,
0.0011426781749257712,
-2.055596381357086e-18,
-0.0014703179798585685,
-0.003165910849740188,
-0.004922066637164415,
-0.006519623578234545,
-0.007703393827013212,
-0.008210405850383377,
-0.007805624200456881,
-0.00632129105042911,
-0.0036948733955613077,
4.872284019395998e-18,
0.0045351190444631985,
0.009526416019083911,
0.014452840283046955,
0.018696174835762445,
0.0216,
0.022543353827872592,
0.021022246360116324,
0.0167303829064328,
0.009629519125500497,
-8.353901411395416e-18,
-0.011536698876975933,
-0.024029264381229973,
-0.03624427972410978,
-0.0467492024178582,
-0.05402541440363584,
-0.056602470627308735,
-0.053201683719219996,
-0.042875288348811984,
-0.02512690479185991,
1.1170589049434328e-17,
0.031876505416998505,
0.06929261275311376,
0.11051408423906635,
0.15338911869605285,
0.19549719949915415,
0.2343280223008372,
0.2674750777977515,
0.2928266078224642,
0.30873649812786413,
0.3141592653589793,
0.30873649812786413,
0.2928266078224642,
0.2674750777977515,
0.2343280223008372,
0.19549719949915415,
0.15338911869605285,
0.11051408423906638,
0.06929261275311377,
0.03187650541699852,
1.117058904943433e-17,
-0.025126904791859913,
-0.04287528834881199,
-0.05320168371922001,
-0.05660247062730873,
-0.05402541440363585,
-0.04674920241785819,
-0.03624427972410978,
-0.024029264381229966,
-0.011536698876975938,
-8.353901411395419e-18,
0.0096295191255005,
0.016730382906432795,
0.021022246360116327,
0.022543353827872592,
0.021600000000000005,
0.01869617483576246,
0.014452840283046957,
0.009526416019083916,
0.004535119044463199,
4.872284019396e-18,
-0.0036948733955613064,
-0.006321291050429116,
-0.0078056242004568835,
-0.008210405850383384,
-0.0077033938270132125,
-0.006519623578234549,
-0.004922066637164415,
-0.0031659108497401906,
-0.001470317979858568,
-2.055596381357087e-18,
0.0011426781749257708,
0.0019158850107371661,
0.002328831726778572,
0.0024274164868738424,
0.0022780889445384307,
0.0019528032259873282,
0.0015173004368444411,
0.001024059517311305,
0.0005102419550424311,
