-0.00021130746415310635,
-0.0002210938137683293,
-0.0002635679612182297,
-0.0003239215608800113,
-0.0003844118864853351,
-0.000426994077012903,
-0.00043594987348044567,
-0.0004001711082721529,
-0.00031480434613911923,
-0.00018204810268192956,
-1.1004956245640185e-05,
0.00018338660674636215,
0.00038219724253298754,
0.0005648858398400042,
0.0007119019253858105,
0.0008071729369216463,
0.0008401537336676368,
0.0008071729369216463,
0.0007119019253858105,
0.0005648858398400042,
0.0003821972425329945,
0.00018338660674636215,
-1.1004956245647124e-05,
-0.00018204810268192956,
-0.00031480434613911923,
-0.0004001711082721529,
-0.00043594987348044567,
-0.0004269940770129047,
-0.0003844118864853351,
-0.0003239215608800113,
-0.0002635679612182297,
-0.0002210938137683293,
