0.0,
-0.0005255,
0.0,
0.0005965,
-0.0,
-0.000725,
0.0,
0.000916,
0.0,
-0.001177,
0.0,
0.0015135,
-0.0,
-0.001936,
0.0,
0.00245,
0.0,
-0.003069,
0.0,
0.003803,
-0.0,
-0.00467,
0.0,
0.005684,
0.0,
-0.00687,
0.0,
0.00827,
-0.0,
-0.00991,
0.0,
0.01188,
-0.0,
-0.01425,
0.0,
0.01718,
-0.0,
-0.02092,
0.0,
0.02586,
-0.0,
-0.0328,
0.0,
0.04346,
-0.0,
-0.0622,
0.0,
0.10516,
-0.0,
-0.3179,
0.5005,
-0.3179,
-0.0,
0.10516,
0.0,
-0.0622,
-0.0,
0.04346,
0.0,
-0.0328,
-0.0,
0.02586,
0.0,
-0.02092,
-0.0,
0.01718,
0.0,
-0.01425,
-0.0,
0.01188,
0.0,
-0.00991,
-0.0,
0.00827,
0.0,
-0.00687,
0.0,
0.005684,
0.0,
-0.00467,
-0.0,
0.003803,
0.0,
-0.003069,
0.0,
0.00245,
0.0,
-0.001936,
-0.0,
0.0015135,
0.0,
-0.001177,
0.0,
0.000916,
0.0,
-0.000725,
-0.0,
0.0005965,
0.0,
-0.0005255,
