0.0,
0.0,
0.0,
0.0,
0.0,
0.0,
0.0,
0.0,
0.0,
1.0,
0.0,
0.0,
-1.0,
-2.0,
-3.0,
-3.0,
-2.0,
-1.0,
0.0,
1.0,
1.0,
0.0,
-1.0,
-2.0,
-1.0,
3.0,
9.0,
15.0,
19.0,
19.0,
12.0,
0.0,
-14.0,
-27.0,
-34.0,
-33.0,
-23.0,
-9.0,
3.0,
10.0,
9.0,
0.0,
-10.0,
-14.0,
-6.0,
17.0,
50.0,
83.0,
101.0,
95.0,
59.0,
0.0,
-67.0,
-124.0,
-151.0,
-141.0,
-97.0,
-37.0,
15.0,
42.0,
34.0,
0.0,
-39.0,
-54.0,
-22.0,
61.0,
178.0,
291.0,
353.0,
328.0,
202.0,
0.0,
-227.0,
-414.0,
-503.0,
-467.0,
-322.0,
-124.0,
51.0,
141.0,
115.0,
0.0,
-132.0,
-184.0,
-77.0,
213.0,
634.0,
1059.0,
1317.0,
1261.0,
809.0,
0.0,
-1005.0,
-1954.0,
-2572.0,
-2635.0,
-2064.0,
-941.0,
492.0,
1892.0,
2906.0,
3276.0,
2906.0,
1892.0,
492.0,
-941.0,
-2064.0,
-2635.0,
-2572.0,
-1954.0,
-1005.0,
0.0,
809.0,
1261.0,
1317.0,
1059.0,
634.0,
213.0,
-77.0,
-184.0,
-132.0,
0.0,
115.0,
141.0,
51.0,
-124.0,
-322.0,
-467.0,
-503.0,
-414.0,
-227.0,
0.0,
202.0,
328.0,
353.0,
291.0,
178.0,
61.0,
-22.0,
-54.0,
-39.0,
0.0,
34.0,
42.0,
15.0,
-37.0,
-97.0,
-141.0,
-151.0,
-124.0,
-67.0,
0.0,
59.0,
95.0,
101.0,
83.0,
50.0,
17.0,
-6.0,
-14.0,
-10.0,
0.0,
9.0,
10.0,
3.0,
-9.0,
-23.0,
-33.0,
-34.0,
-27.0,
-14.0,
0.0,
12.0,
19.0,
19.0,
15.0,
9.0,
3.0,
-1.0,
-2.0,
-1.0,
0.0,
1.0,
1.0,
0.0,
-1.0,
-2.0,
-3.0,
-3.0,
-2.0,
-1.0,
0.0,
0.0,
1.0,
0.0,
0.0,
0.0,
0.0,
0.0,
0.0,
