0.0,
-4.0,
-8.0,
-8.0,
-5.0,
0.0,
5.0,
9.0,
10.0,
6.0,
0.0,
-7.0,
-12.0,
-13.0,
-8.0,
0.0,
10.0,
17.0,
18.0,
12.0,
0.0,
-13.0,
-23.0,
-25.0,
-16.0,
0.0,
18.0,
32.0,
34.0,
22.0,
0.0,
-25.0,
-42.0,
-45.0,
-29.0,
0.0,
32.0,
56.0,
59.0,
38.0,
0.0,
-42.0,
-72.0,
-76.0,
-49.0,
0.0,
54.0,
93.0,
97.0,
63.0,
0.0,
-69.0,
-117.0,
-123.0,
-79.0,
0.0,
87.0,
147.0,
154.0,
100.0,
0.0,
-109.0,
-185.0,
-193.0,
-125.0,
0.0,
137.0,
232.0,
243.0,
157.0,
0.0,
-173.0,
-295.0,
-310.0,
-201.0,
0.0,
223.0,
382.0,
403.0,
264.0,
0.0,
-297.0,
-512.0,
-546.0,
-361.0,
0.0,
419.0,
734.0,
800.0,
542.0,
0.0,
-669.0,
-1222.0,
-1403.0,
-1014.0,
0.0,
1527.0,
3302.0,
4961.0,
6137.0,
6560.0,
6137.0,
4961.0,
3302.0,
1527.0,
0.0,
-1014.0,
-1403.0,
-1222.0,
-669.0,
0.0,
542.0,
800.0,
734.0,
419.0,
0.0,
-361.0,
-546.0,
-512.0,
-297.0,
0.0,
264.0,
403.0,
382.0,
223.0,
0.0,
-201.0,
-310.0,
-295.0,
-173.0,
0.0,
157.0,
243.0,
232.0,
137.0,
0.0,
-125.0,
-193.0,
-185.0,
-109.0,
0.0,
100.0,
154.0,
147.0,
87.0,
0.0,
-79.0,
-123.0,
-117.0,
-69.0,
0.0,
63.0,
97.0,
93.0,
54.0,
0.0,
-49.0,
-76.0,
-72.0,
-42.0,
0.0,
38.0,
59.0,
56.0,
32.0,
0.0,
-29.0,
-45.0,
-42.0,
-25.0,
0.0,
22.0,
34.0,
32.0,
18.0,
0.0,
-16.0,
-25.0,
-23.0,
-13.0,
0.0,
12.0,
18.0,
17.0,
10.0,
0.0,
-8.0,
-13.0,
-12.0,
-7.0,
0.0,
6.0,
10.0,
9.0,
5.0,
0.0,
-5.0,
-8.0,
-8.0,
-4.0,
