4e-07,
-0.0,
4.05e-06,
9.4e-06,
-1.1e-06,
2.354e-05,
6.5e-05,
-5.716e-05,
-0.0002685,
-0.0001782,
0.00010216,
6e-08,
-0.0001674,
0.0004823,
0.001221,
0.0004485,
-0.000922,
-0.0006495,
6.44e-05,
-0.001477,
-0.002895,
0.0,
0.00393,
0.002724,
-0.0001615,
0.002226,
0.00433,
-0.002901,
-0.01094,
-0.006046,
0.002964,
0.0,
-0.003769,
0.00979,
0.02258,
0.007645,
-0.014626,
-0.009674,
0.000908,
-0.01991,
-0.0377,
0.0,
0.0492,
0.0341,
-0.002056,
0.0294,
0.06113,
-0.04556,
-0.204,
-0.1504,
0.131,
0.3,
0.131,
-0.1504,
-0.204,
-0.04556,
0.06113,
0.0294,
-0.002056,
0.0341,
0.0492,
-0.0,
-0.0377,
-0.01991,
0.000908,
-0.009674,
-0.014626,
0.007645,
0.02258,
0.00979,
-0.003769,
0.0,
0.002964,
-0.006046,
-0.01094,
-0.002901,
0.00433,
0.002226,
-0.0001615,
0.002724,
0.00393,
-0.0,
-0.002895,
-0.001477,
6.44e-05,
-0.0006495,
-0.000922,
0.0004485,
0.001221,
0.0004823,
-0.0001674,
6e-08,
0.00010216,
-0.0001782,
-0.0002685,
-5.716e-05,
6.5e-05,
2.354e-05,
-1.1e-06,
9.4e-06,
