0.0,
-17.0,
0.0,
19.0,
0.0,
-23.0,
0.0,
30.0,
0.0,
-38.0,
0.0,
49.0,
0.0,
-63.0,
0.0,
80.0,
0.0,
-100.0,
0.0,
124.0,
0.0,
-153.0,
0.0,
186.0,
0.0,
-225.0,
0.0,
270.0,
0.0,
-324.0,
0.0,
389.0,
0.0,
-466.0,
0.0,
562.0,
0.0,
-685.0,
0.0,
847.0,
0.0,
-1074.0,
0.0,
1424.0,
0.0,
-2038.0,
0.0,
3445.0,
0.0,
-10416.0,
16400.0,
-10416.0,
0.0,
3445.0,
0.0,
-2038.0,
0.0,
1424.0,
0.0,
-1074.0,
0.0,
847.0,
0.0,
-685.0,
0.0,
562.0,
0.0,
-466.0,
0.0,
389.0,
0.0,
-324.0,
0.0,
270.0,
0.0,
-225.0,
0.0,
186.0,
0.0,
-153.0,
0.0,
124.0,
0.0,
-100.0,
0.0,
80.0,
0.0,
-63.0,
0.0,
49.0,
0.0,
-38.0,
0.0,
30.0,
0.0,
-23.0,
0.0,
19.0,
0.0,
-17.0,
