0.0,
-10.0,
-17.0,
-18.0,
-12.0,
0.0,
15.0,
28.0,
32.0,
22.0,
0.0,
-29.0,
-53.0,
-60.0,
-42.0,
0.0,
52.0,
95.0,
106.0,
73.0,
0.0,
-90.0,
-160.0,
-177.0,
-120.0,
0.0,
145.0,
258.0,
282.0,
191.0,
0.0,
-229.0,
-406.0,
-444.0,
-301.0,
0.0,
365.0,
653.0,
724.0,
499.0,
0.0,
-633.0,
-1171.0,
-1356.0,
-990.0,
0.0,
1512.0,
3283.0,
4947.0,
6137.0,
6563.0,
6137.0,
4947.0,
3283.0,
1512.0,
0.0,
-990.0,
-1356.0,
-1171.0,
-633.0,
0.0,
499.0,
724.0,
653.0,
365.0,
0.0,
-301.0,
-444.0,
-406.0,
-229.0,
0.0,
191.0,
282.0,
258.0,
145.0,
0.0,
-120.0,
-177.0,
-160.0,
-90.0,
0.0,
73.0,
106.0,
95.0,
52.0,
0.0,
-42.0,
-60.0,
-53.0,
-29.0,
0.0,
22.0,
32.0,
28.0,
15.0,
0.0,
-12.0,
-18.0,
-17.0,
-10.0,
