0.0,
0.0,
0.0,
0.0,
0.0,
0.0,
2.0,
-1.0,
-8.0,
-5.0,
3.0,
0.0,
-5.0,
15.0,
40.0,
14.0,
-30.0,
-21.0,
2.0,
-48.0,
-94.0,
0.0,
128.0,
89.0,
-5.0,
72.0,
141.0,
-95.0,
-358.0,
-198.0,
97.0,
0.0,
-123.0,
320.0,
739.0,
250.0,
-479.0,
-316.0,
29.0,
-652.0,
-1235.0,
0.0,
1612.0,
1117.0,
-67.0,
963.0,
2003.0,
-1492.0,
-6684.0,
-4928.0,
4292.0,
9830.0,
4292.0,
-4928.0,
-6684.0,
-1492.0,
2003.0,
963.0,
-67.0,
1117.0,
1612.0,
0.0,
-1235.0,
-652.0,
29.0,
-316.0,
-479.0,
250.0,
739.0,
320.0,
-123.0,
0.0,
97.0,
-198.0,
-358.0,
-95.0,
141.0,
72.0,
-5.0,
89.0,
128.0,
0.0,
-94.0,
-48.0,
2.0,
-21.0,
-30.0,
14.0,
40.0,
15.0,
-5.0,
0.0,
3.0,
-5.0,
-8.0,
-1.0,
2.0,
0.0,
0.0,
0.0,
