-0.0,
-0.0003095,
-0.0005283,
-0.0005684,
-0.0003848,
0.0,
0.0004783,
0.0008726,
0.000988,
0.000693,
-0.0,
-0.0008917,
-0.001633,
-0.001844,
-0.001285,
0.0,
0.001617,
0.002926,
0.00326,
0.002241,
-0.0,
-0.00275,
-0.004913,
-0.005417,
-0.003683,
0.0,
0.00444,
0.00788,
0.00863,
0.00584,
-0.0,
-0.006996,
-0.0124,
-0.01358,
-0.00921,
0.0,
0.011154,
0.01994,
0.02211,
0.015236,
-0.0,
-0.01933,
-0.03574,
-0.0414,
-0.03023,
0.0,
0.04617,
0.1002,
0.151,
0.1873,
0.2003,
0.1873,
0.151,
0.1002,
0.04617,
0.0,
-0.03023,
-0.0414,
-0.03574,
-0.01933,
-0.0,
0.015236,
0.02211,
0.01994,
0.011154,
0.0,
-0.00921,
-0.01358,
-0.0124,
-0.006996,
-0.0,
0.00584,
0.00863,
0.00788,
0.00444,
0.0,
-0.003683,
-0.005417,
-0.004913,
-0.00275,
-0.0,
0.002241,
0.00326,
0.002926,
0.001617,
0.0,
-0.001285,
-0.001844,
-0.001633,
-0.0008917,
-0.0,
0.000693,
0.000988,
0.0008726,
0.0004783,
0.0,
-0.0003848,
-0.0005684,
-0.0005283,
-0.0003095,
