3.1188145611261547e-19,
9.025577718706283e-05,
0.00012064592419877031,
4.8651534285628685e-05,
-0.00013075647987744257,
-0.0003777316519977273,
-0.0006145912579142585,
-0.0007475292393851271,
-0.0006983193717962225,
-0.0004365068861011243,
1.346726089963802e-18,
0.0005064149548134795,
0.0009386318146806785,
0.0011609681716395486,
0.0010984498753199693,
0.0007728147712697115,
0.0003042486848890707,
-0.00012777316580454509,
-0.00035459758704127215,
-0.0002941490515678877,
8.3713224663465535e-19,
0.0003425316113825502,
0.0004807652081599738,
0.000201631460703073,
-0.0005585265332678665,
-0.0016491742958359527,
-0.0027221607114163867,
-0.003336775496917085,
-0.0031235154422243473,
-0.0019470285888130057,
4.261706986063828e-18,
0.0022211459972489274,
0.004065218595881291,
0.004955226207629228,
0.004613559835180305,
0.0031907403135953967,
0.0012339913648515147,
-0.0005088990941049176,
-0.0013867218296986124,
-0.0011296092803037153,
2.1051998287601535e-18,
0.0012697172923164233,
0.0017522429398288356,
0.0007230324247545902,
-0.0019719782583772086,
-0.005737681048230764,
-0.009340624403388939,
-0.011302836812018586,
-0.010455189567327463,
-0.006446743097434888,
8.384112503386964e-18,
0.007220232132972938,
0.013116919848611245,
0.015890375748836352,
0.014723396296808966,
0.010147902581155697,
0.003917056312168564,
-0.0016148638044502731,
-0.004406507567616317,
-0.0036011233248201173,
3.3732674108856523e-18,
0.004099466460376411,
0.005713472120237697,
0.0023873618421614735,
-0.006613432595134101,
-0.019611279377822564,
-0.03266480645445714,
-0.04062341377348748,
-0.03882246627987456,
-0.024885687091231703,
1.1299093399486991e-17,
0.030854800108055455,
0.05992719549843162,
0.07875994458286753,
0.08072087150797716,
0.06321445538000803,
0.028837336221090117,
-0.014962897540812647,
-0.057708583236666666,
-0.08870274849501497,
0.8999911145813166,
-0.08870274849501497,
-0.057708583236666666,
-0.014962897540812647,
0.028837336221090117,
0.06321445538000803,
0.08072087150797716,
0.07875994458286754,
0.05992719549843162,
0.030854800108055455,
1.1299093399486991e-17,
-0.024885687091231706,
-0.03882246627987456,
-0.040623413773487486,
-0.03266480645445714,
-0.019611279377822567,
-0.006613432595134104,
0.0023873618421614735,
0.005713472120237701,
0.004099466460376411,
3.3732674108856527e-18,
-0.003601123324820119,
-0.004406507567616317,
-0.0016148638044502766,
0.003917056312168566,
0.010147902581155695,
0.014723396296808966,
0.015890375748836356,
0.013116919848611245,
0.007220232132972944,
8.384112503386963e-18,
-0.006446743097434891,
-0.010455189567327468,
-0.011302836812018586,
-0.009340624403388946,
-0.005737681048230761,
-0.0019719782583772086,
0.0007230324247545902,
0.0017522429398288365,
0.0012697172923164242,
2.1051998287601546e-18,
-0.0011296092803037153,
-0.0013867218296986124,
-0.000508899094104918,
0.0012339913648515143,
0.0031907403135953997,
0.004613559835180304,
0.004955226207629231,
0.004065218595881292,
0.0022211459972489274,
4.261706986063833e-18,
-0.0019470285888130044,
-0.0031235154422243486,
-0.003336775496917085,
-0.002722160711416389,
-0.001649174295835954,
-0.0005585265332678669,
0.000201631460703073,
0.0004807652081599735,
0.00034253161138255047,
8.371322466346554e-19,
-0.00029414905156788815,
-0.00035459758704127215,
-0.00012777316580454509,
0.0003042486848890708,
0.0007728147712697115,
0.001098449875319971,
0.0011609681716395483,
0.0009386318146806789,
0.0005064149548134796,
1.3467260899638034e-18,
-0.0004365068861011247,
-0.0006983193717962225,
-0.0007475292393851271,
-0.0006145912579142585,
-0.00037773165199772753,
-0.00013075647987744265,
4.8651534285628685e-05,
0.00012064592419877031,
9.025577718706283e-05,
