-6.6e-07,
-8.3e-07,
-7e-07,
-8e-07,
-5e-07,
1.8e-06,
7.57e-06,
1.687e-05,
2.66e-05,
3.08e-05,
2.31e-05,
-0.0,
-3.576e-05,
-7.45e-05,
-0.000102,
-0.00010556,
-8.04e-05,
-3.39e-05,
1.53e-05,
4.49e-05,
3.92e-05,
-1e-07,
-5.04e-05,
-7.38e-05,
-3.23e-05,
9.21e-05,
0.000282,
0.0004811,
0.0006084,
0.000587,
0.0003765,
-0.0,
-0.000453,
-0.00085,
-0.001061,
-0.001011,
-0.000715,
-0.000282,
0.0001196,
0.0003312,
0.000275,
-6e-08,
-0.0003204,
-0.0004497,
-0.0001893,
0.00052,
0.001537,
0.002539,
0.00311,
0.002913,
0.001816,
-0.0,
-0.002073,
-0.003796,
-0.00463,
-0.004314,
-0.002985,
-0.001154,
0.0004802,
0.001306,
0.001064,
-0.0,
-0.001201,
-0.00166,
-0.000689,
0.001869,
0.005455,
0.0089,
0.010796,
0.01001,
0.006184,
-0.0,
-0.006954,
-0.01266,
-0.015366,
-0.01427,
-0.00985,
-0.003803,
0.001583,
0.00431,
0.003529,
-0.0,
-0.004032,
-0.00563,
-0.002365,
0.00651,
0.01936,
0.03232,
0.04022,
0.0385,
0.0247,
-0.0,
-0.03069,
-0.05966,
-0.0785,
-0.08044,
-0.063,
-0.02872,
0.01502,
0.05774,
0.0887,
0.1,
0.0887,
0.05774,
0.01502,
-0.02872,
-0.063,
-0.08044,
-0.0785,
-0.05966,
-0.03069,
0.0,
0.0247,
0.0385,
0.04022,
0.03232,
0.01936,
0.00651,
-0.002365,
-0.00563,
-0.004032,
-0.0,
0.003529,
0.00431,
0.001583,
-0.003803,
-0.00985,
-0.01427,
-0.015366,
-0.01266,
-0.006954,
0.0,
0.006184,
0.01001,
0.010796,
0.0089,
0.005455,
0.001869,
-0.000689,
-0.00166,
-0.001201,
-0.0,
0.001064,
0.001306,
0.0004802,
-0.001154,
-0.002985,
-0.004314,
-0.00463,
-0.003796,
-0.002073,
0.0,
0.001816,
0.002913,
0.00311,
0.002539,
0.001537,
0.00052,
-0.0001893,
-0.0004497,
-0.0003204,
-6e-08,
0.000275,
0.0003312,
0.0001196,
-0.000282,
-0.000715,
-0.001011,
-0.001061,
-0.00085,
-0.000453,
0.0,
0.0003765,
0.000587,
0.0006084,
0.0004811,
0.000282,
9.21e-05,
-3.23e-05,
-7.38e-05,
-5.04e-05,
-1e-07,
3.92e-05,
4.49e-05,
1.53e-05,
-3.39e-05,
-8.04e-05,
-0.00010556,
-0.000102,
-7.45e-05,
-3.576e-05,
0.0,
2.31e-05,
3.08e-05,
2.66e-05,
1.687e-05,
7.57e-06,
1.8e-06,
-5e-07,
-8e-07,
