0,
0,
0,
0,
0,
0,
0,
0,
0,
1,
0,
0,
-1,
-2,
-3,
-3,
-2,
-1,
0,
1,
1,
0,
-1,
-2,
-1,
3,
9,
15,
19,
19,
12,
0,
-14,
-27,
-34,
-33,
-23,
-9,
3,
10,
9,
0,
-10,
-14,
-6,
17,
50,
83,
101,
95,
59,
0,
-67,
-124,
-151,
-141,
-97,
-37,
15,
42,
34,
0,
-39,
-54,
-22,
61,
178,
291,
353,
328,
202,
0,
-227,
-414,
-503,
-467,
-322,
-124,
51,
141,
115,
0,
-132,
-184,
-77,
213,
634,
1059,
1317,
1261,
809,
0,
-1005,
-1954,
-2572,
-2635,
-2064,
-941,
492,
1892,
2906,
3276,
2906,
1892,
492,
-941,
-2064,
-2635,
-2572,
-1954,
-1005,
0,
809,
1261,
1317,
1059,
634,
213,
-77,
-184,
-132,
0,
115,
141,
51,
-124,
-322,
-467,
-503,
-414,
-227,
0,
202,
328,
353,
291,
178,
61,
-22,
-54,
-39,
0,
34,
42,
15,
-37,
-97,
-141,
-151,
-124,
-67,
0,
59,
95,
101,
83,
50,
17,
-6,
-14,
-10,
0,
9,
10,
3,
-9,
-23,
-33,
-34,
-27,
-14,
0,
12,
19,
19,
15,
9,
3,
-1,
-2,
-1,
0,
1,
1,
0,
-1,
-2,
-3,
-3,
-2,
-1,
0,
0,
1,
0,
0,
0,
0,
0,
0,
