-0.0005093116114109102,
0.00015366469847238954,
-8.141381077129582e-19,
-0.00017453970777819085,
0.0006536055828143949,
0.0012375395062739947,
-1.1938472195296015e-17,
-0.0015637555351456088,
-0.0010375626964639942,
0.0003441294771347205,
-1.6340950934594847e-18,
-0.00044280162930684084,
0.001714524086577183,
0.0033050515671513786,
-7.212731318994668e-18,
-0.004184759430122968,
-0.002748032689401828,
0.0008979048142947273,
-3.3503286655390514e-18,
-0.0011127497466870604,
0.004221473671187512,
0.007972503579932566,
-1.326324973212206e-17,
-0.009704741107444976,
-0.006257632150187562,
0.002010175879021272,
-5.5382655672502565e-18,
-0.002418253265758467,
0.009060471324734943,
0.016928194155081774,
-1.9936988189312283e-17,
-0.02028091703779774,
-0.013013238375847091,
0.004169290298784564,
-7.656639440138697e-18,
-0.0050278048559405965,
0.018944914833593524,
0.035723674853089284,
-2.5582952957987727e-17,
-0.04417179272290518,
-0.029035467170705764,
0.00959994282094892,
-9.181392889712552e-18,
-0.01271277296181161,
0.05133952207193354,
0.10620108065848637,
-2.8804407784962705e-17,
-0.17960320130055696,
-0.15858256790253725,
0.0929792237259166,
0.24974071697335098,
0.0929792237259166,
-0.15858256790253725,
-0.17960320130055696,
-2.880440778496272e-17,
0.10620108065848638,
0.05133952207193354,
-0.012712772961811614,
-9.181392889712552e-18,
0.00959994282094892,
-0.029035467170705768,
-0.044171792722905195,
-2.5582952957987736e-17,
0.035723674853089284,
0.01894491483359352,
-0.005027804855940595,
-7.656639440138697e-18,
0.004169290298784564,
-0.013013238375847088,
-0.02028091703779774,
-1.9936988189312286e-17,
0.016928194155081767,
0.009060471324734943,
-0.0024182532657584677,
-5.5382655672502565e-18,
0.0020101758790212728,
-0.0062576321501875655,
-0.00970474110744498,
-1.3263249732122064e-17,
0.007972503579932564,
0.0042214736711875134,
-0.0011127497466870617,
-3.350328665539055e-18,
0.0008979048142947264,
-0.0027480326894018265,
-0.00418475943012297,
-7.212731318994674e-18,
0.0033050515671513825,
0.0017145240865771845,
-0.0004428016293068406,
-1.6340950934594855e-18,
0.00034412947713472115,
-0.001037562696463996,
-0.0015637555351456101,
-1.1938472195296015e-17,
0.0012375395062739947,
0.0006536055828143951,
-0.00017453970777819085,
-8.141381077129587e-19,
0.00015366469847238954,
